Cold:                                0.9
Electronica:                         0.8571428571428572
Trip-Hop:                            0.8571428571428572
Angst-Ridden:                        0.8571428571428572
Atmospheric:                         0.8571428571428572
Bleak:                               0.8571428571428572
Brooding:                            0.8571428571428572
Druggy:                              0.8571428571428572
Malevolent:                          0.8571428571428572
Nocturnal:                           0.8571428571428572
Sensual:                             0.8571428571428572
Volatile:                            0.8571428571428572
Heartache:                           0.8571428571428572
Ambitious:                           0.8142857142857143
Somber:                              0.8142857142857143
Seduction:                           0.8142857142857143
Intense:                             0.7714285714285715
Ominous:                             0.7714285714285715
Sexy:                                0.7714285714285715
Tense/Anxious:                       0.7714285714285715
Late Night:                          0.7714285714285715
Eerie:                               0.7285714285714286
In Love:                             0.7285714285714286
The Creative Side:                   0.7285714285714286
Literate:                            0.6428571428571428
Elegant:                             0.6
