Brash:                               0.9
Urban:                               0.8571428571428572
Rousing:                             0.8571428571428572
New Jack Swing:                      0.6
Fun:                                 0.6
Playful_mood:                        0.6
Street-Smart:                        0.6
Mischievous:                         0.6
Playful:                             0.6
