Progressive Electronic:              0.9000000000000001
Calm/Peaceful:                       0.7500000000000001
Cold:                                0.7500000000000001
Delicate:                            0.7500000000000001
Ethereal:                            0.7500000000000001
Gentle:                              0.7500000000000001
Nocturnal:                           0.7500000000000001
Reflective:                          0.7500000000000001
Restrained:                          0.7500000000000001
Introspection:                       0.7500000000000001
Late Night:                          0.7500000000000001
Meditation:                          0.7500000000000001
Relaxation:                          0.7500000000000001
The Creative Side:                   0.7500000000000001
Refined:                             0.6
Soothing:                            0.6
Reflection:                          0.6
Solitude:                            0.6
