Bittersweet:                         0.9000000000000001
Bright:                              0.9000000000000001
Cheerful:                            0.9000000000000001
Lively:                              0.9000000000000001
Melancholy:                          0.9000000000000001
Poignant:                            0.9000000000000001
Reflective:                          0.9000000000000001
Summery:                             0.9000000000000001
Wistful:                             0.9000000000000001
Yearning:                            0.9000000000000001
Day Driving:                         0.9000000000000001
In Love:                             0.9000000000000001
Summer:                              0.9000000000000001
AM Pop:                              0.8625
Singer/Songwriter:                   0.75
Power Pop:                           0.6
Contemporary Pop/Rock:               0.6
Soft Rock:                           0.6
