Cowboy:                              0.9
Traditional Country:                 0.9
Fun:                                 0.9
Giddy:                               0.9
Refined:                             0.9
The Great Outdoors:                  0.9
Earthy:                              0.8400000000000001
Sentimental:                         0.8400000000000001
Atmospheric:                         0.78
Earnest:                             0.78
Organic:                             0.78
Amiable/Good-Natured:                0.72
Rousing:                             0.72
Rustic:                              0.72
Day Driving:                         0.72
Early Morning:                       0.72
Feeling Blue:                        0.72
Freedom:                             0.72
Housework:                           0.72
Road Trip:                           0.72
Sweet:                               0.6
