Folk-Pop:                            0.9000000000000001
Traditional Folk:                    0.9000000000000001
Wistful:                             0.825
Yearning:                            0.825
Motivation:                          0.75
Calm/Peaceful:                       0.6749999999999999
Pastoral:                            0.6749999999999999
Precious:                            0.6749999999999999
Refined:                             0.6749999999999999
Sentimental:                         0.6749999999999999
Soothing:                            0.6749999999999999
Warm:                                0.6749999999999999
Affirmation:                         0.6749999999999999
Empowering:                          0.6749999999999999
Amiable/Good-Natured:                0.6
Gentle:                              0.6
Poignant:                            0.6
Relaxed:                             0.6
