Instrumental Pop:                    0.9000000000000001
Mood Music:                          0.9000000000000001
Movie Themes:                        0.9000000000000001
Orchestral/Easy Listening:           0.9000000000000001
Soundtracks:                         0.9000000000000001
Amiable/Good-Natured:                0.9000000000000001
Atmospheric:                         0.9000000000000001
Calm/Peaceful:                       0.9000000000000001
Dreamy:                              0.9000000000000001
Elegant:                             0.9000000000000001
Ethereal:                            0.9000000000000001
Gentle:                              0.9000000000000001
Laid-Back/Mellow:                    0.9000000000000001
Light:                               0.9000000000000001
Refined:                             0.9000000000000001
Relaxed:                             0.9000000000000001
Romantic:                            0.9000000000000001
Searching:                           0.9000000000000001
Sensual:                             0.9000000000000001
Sentimental:                         0.9000000000000001
Smooth:                              0.9000000000000001
Soothing:                            0.9000000000000001
Sophisticated:                       0.9000000000000001
Sparkling:                           0.9000000000000001
Warm:                                0.9000000000000001
Wistful:                             0.9000000000000001
Yearning:                            0.9000000000000001
Background Music:                    0.9000000000000001
Dinner Ambiance:                     0.9000000000000001
In Love:                             0.9000000000000001
Reflection:                          0.9000000000000001
Relaxation:                          0.9000000000000001
Romantic Evening:                    0.9000000000000001
Slow Dance:                          0.9000000000000001
Guitar Jazz:                         0.6
Jazz Instrument:                     0.6
