Roots Reggae:                        0.9
Organic:                             0.9
Summery:                             0.9
Laid-Back/Mellow:                    0.825
Smooth:                              0.825
Poignant:                            0.75
Summer:                              0.75
Druggy:                              0.6749999999999999
Hypnotic:                            0.6749999999999999
Earthy:                              0.6
