Regional Blues:                      0.9
Big Band:                            0.7500000000000001
New York Blues:                      0.7500000000000001
Swing:                               0.7500000000000001
Carefree:                            0.6
Celebratory:                         0.6
Cheerful:                            0.6
Fun:                                 0.6
Happy:                               0.6
Playful_mood:                        0.6
