IDM:                                 0.9
Electro-Techno:                      0.7500000000000001
Experimental Techno:                 0.7500000000000001
Techno:                              0.7500000000000001
Atmospheric:                         0.7500000000000001
Clinical:                            0.7500000000000001
Cold:                                0.7500000000000001
Complex:                             0.7500000000000001
Eccentric:                           0.7500000000000001
Ethereal:                            0.7500000000000001
Hypnotic:                            0.7500000000000001
Relaxed:                             0.7500000000000001
Sophisticated:                       0.7500000000000001
Trippy:                              0.7500000000000001
Background Music:                    0.7500000000000001
Late Night:                          0.7500000000000001
Relaxation:                          0.7500000000000001
Solitude:                            0.7500000000000001
The Creative Side:                   0.7500000000000001
Bright:                              0.6
Dreamy:                              0.6
Nocturnal:                           0.6
Quirky:                              0.6
Refined:                             0.6
Slick:                               0.6
Meditation:                          0.6
