Bop:                                 0.9
Bright:                              0.7000000000000001
Confident:                           0.7000000000000001
Freewheeling:                        0.7000000000000001
Street-Smart:                        0.7000000000000001
Swaggering:                          0.7000000000000001
