Plaintive:                           0.9
Bluegrass-Gospel:                    0.8250000000000001
Gospel:                              0.8250000000000001
Sunday Afternoon:                    0.75
Amiable/Good-Natured:                0.6749999999999999
Earnest:                             0.6749999999999999
Earthy:                              0.6749999999999999
Joyous:                              0.6749999999999999
Organic:                             0.6749999999999999
Passionate:                          0.6749999999999999
Poignant:                            0.6749999999999999
Reflective:                          0.6749999999999999
Reverent:                            0.6749999999999999
Spiritual:                           0.6749999999999999
Affirmation:                         0.6749999999999999
Empowering:                          0.6749999999999999
Bluegrass:                           0.6
Close Harmony:                       0.6
Old-Timey:                           0.6
Traditional Bluegrass:               0.6
