Progressive Electronic:              0.9
Ambient:                             0.8250000000000001
Chamber Jazz:                        0.8250000000000001
Soothing:                            0.75
Warm:                                0.75
Wistful:                             0.75
Reflection:                          0.75
Dramatic:                            0.6749999999999999
Elegant:                             0.6749999999999999
Hypnotic:                            0.6749999999999999
Lush:                                0.6749999999999999
Melancholy:                          0.6749999999999999
Plaintive:                           0.6749999999999999
Poignant:                            0.6749999999999999
Refined:                             0.6749999999999999
Reflective:                          0.6749999999999999
Sophisticated:                       0.6749999999999999
Stylish:                             0.6749999999999999
Introspection:                       0.6749999999999999
Autumnal:                            0.6
