Electronica:                         0.9
Trip-Hop:                            0.9
Atmospheric:                         0.8400000000000001
Cold:                                0.8400000000000001
Detached:                            0.8400000000000001
Dreamy:                              0.8400000000000001
Druggy:                              0.8400000000000001
Eerie:                               0.8400000000000001
Enigmatic:                           0.8400000000000001
Hypnotic:                            0.8400000000000001
Nocturnal:                           0.8400000000000001
Ominous:                             0.8400000000000001
Paranoid:                            0.8400000000000001
Sexy:                                0.8400000000000001
Smooth:                              0.8400000000000001
Sophisticated:                       0.8400000000000001
Stylish:                             0.8400000000000001
Trippy:                              0.8400000000000001
Downtempo:                           0.78
Aggressive:                          0.78
Laid-Back/Mellow:                    0.78
Menacing:                            0.78
Late Night:                          0.78
Night Driving:                       0.78
Reflection:                          0.78
Sex:                                 0.78
The Creative Side:                   0.78
Bleak:                               0.72
Gentle:                              0.72
Rousing:                             0.72
Hanging Out:                         0.72
Club/Dance:                          0.6
Restrained:                          0.6
