Torch Songs:                         0.9000000000000001
Vocal Pop:                           0.9000000000000001
Bitter:                              0.9000000000000001
Bittersweet:                         0.9000000000000001
Bleak:                               0.9000000000000001
Elegant:                             0.9000000000000001
Gloomy:                              0.9000000000000001
Ironic:                              0.9000000000000001
Refined:                             0.9000000000000001
Weary:                               0.9000000000000001
Heartache:                           0.9000000000000001
Regret:                              0.9000000000000001
Traditional Pop:                     0.825
Relaxed:                             0.825
Sardonic:                            0.825
Feeling Blue:                        0.825
Introspection:                       0.825
Rainy Day:                           0.825
Vocal Jazz:                          0.75
Brooding:                            0.75
Cynical/Sarcastic:                   0.75
Dramatic:                            0.75
Reflective:                          0.75
Reserved:                            0.75
Somber:                              0.75
Wry:                                 0.75
Relaxation:                          0.75
Early Pop/Rock:                      0.6749999999999999
Cathartic:                           0.6749999999999999
Detached:                            0.6749999999999999
Eccentric:                           0.6749999999999999
Melancholy:                          0.6749999999999999
Nihilistic:                          0.6749999999999999
Theatrical:                          0.6749999999999999
Wintry:                              0.6749999999999999
Acerbic:                             0.6
