Big Beat:                            0.9
Club/Dance:                          0.9
Funky Breaks:                        0.9
Boisterous:                          0.9
Energetic:                           0.9
Rousing:                             0.9
Cool & Cocky:                        0.9
Guys Night Out:                      0.9
Motivation:                          0.9
TGIF:                                0.9
Trip-Hop:                            0.7999999999999999
Celebratory:                         0.7999999999999999
Fun:                                 0.7999999999999999
Freedom:                             0.7999999999999999
Road Trip:                           0.7999999999999999
Electronica:                         0.7
Aggressive:                          0.7
Brash:                               0.7
Confident:                           0.7
Freewheeling:                        0.7
Rambunctious:                        0.7
Stylish:                             0.7
Exercise/Workout:                    0.7
Housework:                           0.7
Carefree:                            0.6
Rollicking:                          0.6
Swaggering:                          0.6
Visceral:                            0.6
Club:                                0.6
Partying:                            0.6
Sports:                              0.6
