Album Rock:                          0.9000000000000001
Atmospheric:                         0.9000000000000001
Bravado:                             0.9000000000000001
Confident:                           0.9000000000000001
Dramatic:                            0.9000000000000001
Freewheeling:                        0.9000000000000001
Rebellious:                          0.9000000000000001
Rousing:                             0.9000000000000001
Sensual:                             0.9000000000000001
Sexy:                                0.9000000000000001
Spacey:                              0.9000000000000001
Swaggering:                          0.9000000000000001
Trippy:                              0.9000000000000001
Cool & Cocky:                        0.9000000000000001
Drinking:                            0.9000000000000001
Empowering:                          0.9000000000000001
Freedom:                             0.9000000000000001
Guys Night Out:                      0.9000000000000001
Hanging Out:                         0.9000000000000001
Late Night:                          0.9000000000000001
Night Driving:                       0.9000000000000001
Road Trip:                           0.9000000000000001
Summer:                              0.9000000000000001
The Creative Side:                   0.9000000000000001
Psychedelic/Garage:                  0.8625
Provocative:                         0.8625
Indulgent:                           0.8250000000000001
Proto-Punk:                          0.7875
Hypnotic:                            0.7875
TGIF:                                0.7875
Rock & Roll:                         0.75
Summery:                             0.75
In Love:                             0.75
Boisterous:                          0.7125
Hard Rock:                           0.6
Sex:                                 0.6
