Lounge:                              0.9
Amiable/Good-Natured:                0.7999999999999999
Carefree:                            0.7999999999999999
Fun:                                 0.7999999999999999
Playful_mood:                        0.7999999999999999
Refined:                             0.7999999999999999
Stylish:                             0.7999999999999999
Whimsical:                           0.7999999999999999
Witty:                               0.7999999999999999
Drinking:                            0.6
Hanging Out:                         0.6
Partying:                            0.6
Playful:                             0.6
