Poignant:                            0.9
Wry:                                 0.9
Reflection:                          0.9
Folk-Rock:                           0.8400000000000001
Psychedelic/Garage:                  0.8400000000000001
Bittersweet:                         0.8400000000000001
Intimate:                            0.8400000000000001
Literate:                            0.8400000000000001
Playful_mood:                        0.8400000000000001
Precious:                            0.8400000000000001
Refined:                             0.8400000000000001
Summery:                             0.8400000000000001
Witty:                               0.8400000000000001
Summer:                              0.8400000000000001
Ironic:                              0.78
Sophisticated:                       0.78
Introspection:                       0.78
Sunday Afternoon:                    0.78
Folk-Pop:                            0.6599999999999999
Autumnal:                            0.6599999999999999
Delicate:                            0.6599999999999999
Detached:                            0.6599999999999999
Autumn:                              0.6599999999999999
Singer/Songwriter:                   0.6
