Comedy:                              0.9
Standup Comedy:                      0.9
Outrageous:                          0.8571428571428572
Witty:                               0.8571428571428572
Acerbic:                             0.8142857142857143
Fun:                                 0.8142857142857143
Quirky:                              0.8142857142857143
Street-Smart:                        0.8142857142857143
Cool & Cocky:                        0.8142857142857143
Confrontational:                     0.7714285714285715
Harsh:                               0.7714285714285715
Humorous:                            0.7714285714285715
Wry:                                 0.7714285714285715
Hanging Out:                         0.7714285714285715
Revolutionary:                       0.7714285714285715
Sketch Comedy:                       0.7285714285714286
Brash:                               0.7285714285714286
Cynical/Sarcastic:                   0.7285714285714286
Irreverent:                          0.7285714285714286
Playful_mood:                        0.7285714285714286
Raucous:                             0.7285714285714286
Rowdy:                               0.7285714285714286
Silly:                               0.7285714285714286
Guys Night Out:                      0.7285714285714286
Mischievous:                         0.7285714285714286
Angry:                               0.6428571428571428
Partying:                            0.6428571428571428
Small Gathering:                     0.6428571428571428
Snide:                               0.6
