Rock & Roll:                         0.9
Carefree:                            0.9
Exuberant:                           0.8400000000000001
Rollicking:                          0.8400000000000001
Joyous:                              0.78
Rockabilly:                          0.72
Celebratory:                         0.72
Amiable/Good-Natured:                0.6
