Early R&B:                           0.9000000000000001
Rock & Roll:                         0.9000000000000001
Louisiana Blues:                     0.84
Regional Blues:                      0.84
Swamp Blues:                         0.84
Greasy:                              0.84
Juke Joint Blues:                    0.78
Gritty:                              0.78
Gutsy:                               0.78
Playful_mood:                        0.78
Electric Harmonica Blues:            0.72
Swamp Pop:                           0.72
Confident:                           0.72
Hypnotic:                            0.72
Atmospheric:                         0.6599999999999999
Austere:                             0.6599999999999999
Autumnal:                            0.6599999999999999
Bittersweet:                         0.6599999999999999
Brooding:                            0.6599999999999999
Earthy:                              0.6599999999999999
Intimate:                            0.6599999999999999
Lazy:                                0.6599999999999999
Melancholy:                          0.6599999999999999
Organic:                             0.6599999999999999
Plaintive:                           0.6599999999999999
Poignant:                            0.6599999999999999
Romantic:                            0.6599999999999999
Rustic:                              0.6599999999999999
Sad:                                 0.6599999999999999
Somber:                              0.6599999999999999
Sparse:                              0.6599999999999999
Weary:                               0.6599999999999999
Wistful:                             0.6599999999999999
Yearning:                            0.6599999999999999
Affection/Fondness:                  0.6599999999999999
Autumn:                              0.6599999999999999
Breakup:                             0.6599999999999999
Cool & Cocky:                        0.6599999999999999
Feeling Blue:                        0.6599999999999999
Hanging Out:                         0.6599999999999999
Late Night:                          0.6599999999999999
Seduction:                           0.6599999999999999
Slow Dance:                          0.6599999999999999
Ramshackle:                          0.6
