Traditional Pop:                     0.9000000000000001
Melancholy:                          0.9000000000000001
Weary:                               0.9000000000000001
Regret:                              0.9000000000000001
Dramatic:                            0.825
Gloomy:                              0.825
Vocal Jazz:                          0.75
Brooding:                            0.75
Feeling Blue:                        0.75
American Popular Song:               0.6749999999999999
Tin Pan Alley Pop:                   0.6749999999999999
Bleak:                               0.6749999999999999
Plaintive:                           0.6749999999999999
Sad:                                 0.6749999999999999
Yearning:                            0.6749999999999999
Introspection:                       0.6749999999999999
Bitter:                              0.6
Reflective:                          0.6
