Ambient:                             0.9
Progressive Electronic:              0.9
Reflective:                          0.8
Solitude:                            0.8
Dramatic:                            0.7000000000000001
Dreamy:                              0.7000000000000001
Ethereal:                            0.7000000000000001
Hypnotic:                            0.7000000000000001
Lush:                                0.7000000000000001
Refined:                             0.7000000000000001
Soothing:                            0.7000000000000001
Spiritual:                           0.7000000000000001
Stylish:                             0.7000000000000001
Introspection:                       0.7000000000000001
Meditation:                          0.7000000000000001
Atmospheric:                         0.6
Relaxation:                          0.6
