Effervescent:                        0.9
Sophisticated:                       0.9
Mischievous:                         0.9
The Great Outdoors:                  0.9
Vacation:                            0.9
Big Band:                            0.8571428571428572
Jazz-Pop:                            0.8571428571428572
Boisterous:                          0.8571428571428572
Calm/Peaceful:                       0.8571428571428572
Confident:                           0.8571428571428572
Giddy:                               0.8571428571428572
Humorous:                            0.8571428571428572
Laid-Back/Mellow:                    0.8571428571428572
Rambunctious:                        0.8571428571428572
Relaxed:                             0.8571428571428572
Slick:                               0.8571428571428572
Stylish:                             0.8571428571428572
Warm:                                0.8571428571428572
Girls Night Out:                     0.8571428571428572
Guys Night Out:                      0.8571428571428572
Small Gathering:                     0.8571428571428572
Sunday Afternoon:                    0.8571428571428572
Exuberant:                           0.8142857142857143
Gentle:                              0.8142857142857143
Playful_mood:                        0.8142857142857143
Background Music:                    0.8142857142857143
Birthday:                            0.8142857142857143
Day Driving:                         0.8142857142857143
Picnic:                              0.8142857142857143
Road Trip:                           0.8142857142857143
The Creative Side:                   0.8142857142857143
Victory:                             0.8142857142857143
Latin Jazz:                          0.7714285714285715
World Fusion:                        0.7714285714285715
Spicy:                               0.7714285714285715
Amiable/Good-Natured:                0.7285714285714285
Carefree:                            0.7285714285714285
Celebratory:                         0.7285714285714285
Cheerful:                            0.7285714285714285
Earnest:                             0.7285714285714285
Earthy:                              0.7285714285714285
Freewheeling:                        0.7285714285714285
Fun:                                 0.7285714285714285
Literate:                            0.7285714285714285
Lively:                              0.7285714285714285
Quirky:                              0.7285714285714285
Rousing:                             0.7285714285714285
Sprawling:                           0.7285714285714285
Stately:                             0.7285714285714285
Wry:                                 0.7285714285714285
At the Beach:                        0.7285714285714285
Celebration:                         0.7285714285714285
Dinner Ambiance:                     0.7285714285714285
Hanging Out:                         0.7285714285714285
Partying:                            0.7285714285714285
Playful:                             0.7285714285714285
Pool Party:                          0.7285714285714285
Relaxation:                          0.7285714285714285
Sports:                              0.7285714285714285
Sexy:                                0.6
