Early Pop/Rock:                      0.9000000000000001
Instrumental Pop:                    0.9000000000000001
Amiable/Good-Natured:                0.9000000000000001
Brassy:                              0.9000000000000001
Bright:                              0.9000000000000001
Carefree:                            0.9000000000000001
Confident:                           0.9000000000000001
Fun:                                 0.9000000000000001
Happy:                               0.9000000000000001
Laid-Back/Mellow:                    0.9000000000000001
Light:                               0.9000000000000001
Lively:                              0.9000000000000001
Playful_mood:                        0.9000000000000001
Slick:                               0.9000000000000001
Sophisticated:                       0.9000000000000001
Spicy:                               0.9000000000000001
Stylish:                             0.9000000000000001
Warm:                                0.9000000000000001
Background Music:                    0.9000000000000001
Dinner Ambiance:                     0.9000000000000001
Playful:                             0.9000000000000001
Relaxation:                          0.9000000000000001
Summer:                              0.9000000000000001
Reserved:                            0.8
Summery:                             0.8
Relaxed:                             0.7
Refined:                             0.6
