Film Music:                          0.9
Movie Themes:                        0.9
Original Score:                      0.9
Soundtracks:                         0.9
Passionate:                          0.8571428571428572
Rousing:                             0.8571428571428572
Theatrical:                          0.8571428571428572
Dramatic:                            0.8142857142857143
Earnest:                             0.8142857142857143
Earthy:                              0.8142857142857143
Energetic:                           0.8142857142857143
Organic:                             0.8142857142857143
Rambunctious:                        0.8142857142857143
Rollicking:                          0.8142857142857143
Whimsical:                           0.8142857142857143
Wistful:                             0.8142857142857143
Exuberant:                           0.7714285714285715
Romantic:                            0.7714285714285715
The Creative Side:                   0.7714285714285715
Adventure:                           0.6
