Electronica:                         0.9
Cerebral:                            0.9
Refined:                             0.9
Alternative/Indie Rock:              0.7499999999999999
Indie Electronic:                    0.7499999999999999
Circular:                            0.7499999999999999
Elaborate:                           0.7499999999999999
Literate:                            0.7499999999999999
Playful_mood:                        0.7499999999999999
Stylish:                             0.7499999999999999
Witty:                               0.7499999999999999
Introspection:                       0.7499999999999999
Mischievous:                         0.7499999999999999
Playful:                             0.7499999999999999
The Creative Side:                   0.7499999999999999
IDM:                                 0.6
Amiable/Good-Natured:                0.6
