Modern Composition:                  0.9
Structured Improvisation:            0.9
Cerebral:                            0.9
Complex:                             0.9
Reflective:                          0.9
Reserved:                            0.9
Restrained:                          0.9
Reflection:                          0.9
Solitude:                            0.9
Autumnal:                            0.8250000000000001
Meandering:                          0.8250000000000001
Ominous:                             0.8250000000000001
Plaintive:                           0.8250000000000001
Refined:                             0.8250000000000001
Somber:                              0.8250000000000001
Late Night:                          0.8250000000000001
Cold:                                0.75
Difficult:                           0.75
Knotty:                              0.75
Lush:                                0.75
Sparse:                              0.75
Detached:                            0.6
Insular:                             0.6
Sprawling:                           0.6
