Comedy

Playful_mood:                        0.868421052631579
Humorous:                            0.8526315789473684
Playful:                             0.8526315789473684
The Creative Side:                   0.8368421052631579
Irreverent:                          0.8210526315789474