

Traditional Country:                 0.9
Earthy:                              0.890625
Earnest:                             0.8625
Reflective:                          0.84375
Plaintive:                           0.815625