

Dinner Ambiance:                     0.9
Amiable/Good-Natured:                0.8884615384615384
Relaxation:                          0.8653846153846154
Soothing:                            0.8653846153846154
Sophisticated:                       0.8538461538461539