

Hypnotic:                            0.9
Electronica:                         0.8538461538461538
Trippy:                              0.8538461538461538
Techno:                              0.8307692307692307
Late Night:                          0.8192307692307692