Earthy:                              0.9
Poignant:                            0.8896551724137931
Earnest:                             0.8896551724137931
Bittersweet:                         0.8482758620689655
Reflective:                          0.8172413793103448