

Sophisticated:                       0.9
Freewheeling:                        0.8675675675675676
Confident:                           0.8432432432432433
Amiable/Good-Natured:                0.8432432432432433
Playful_mood:                        0.8432432432432433