

Reflection:                          0.9
Soothing:                            0.8892857142857142
Introspection:                       0.8892857142857142
Hypnotic:                            0.8785714285714286
Reflective:                          0.8785714285714286