

Rousing:                             0.9
Contemporary Pop/Rock:               0.8689655172413793
Album Rock:                          0.8172413793103448
Confident:                           0.8172413793103448
Energetic:                           0.8172413793103448