Brash

Street-Smart:                        0.864
Confident:                           0.8400000000000001
Partying:                            0.8400000000000001
East Coast Rap:                      0.804
Swaggering:                          0.804