

Summery:                             0.9
Roots Reggae:                        0.8735294117647059
Earnest:                             0.8558823529411764
Earthy:                              0.8117647058823529
Rousing:                             0.8029411764705883