

Soundtracks:                         0.9
Dramatic:                            0.875
Original Score:                      0.8500000000000001
Theatrical:                          0.825
Film Music:                          0.7999999999999999