Traditional Pop

Vocal Pop:                           0.8478260869565217
Refined:                             0.7630434782608696
Sentimental:                         0.7630434782608696
Romantic:                            0.75
Sweet:                               0.7434782608695653